0886895628365  ;000001
0886895628679  ;000001
0886895628693  ;000001
0886895628914  ;000002
0886895628921  ;000001
0886895652346  ;000001
0886895652360  ;000001
0886895652377  ;000001
0886895652384  ;000001
0886895652391  ;000001
0886895656269  ;000001
0886895656276  ;000001
0886895657181  ;000002
0886895657297  ;000001
0886895657310  ;000002
0886895657341  ;000002
0886895658171  ;000001

0774419 
0774424
0774426
0774416
0774417 
0777070 
0777072 
0777073
0777066 
0777067 
0782068  
0782069 
0782067   
0782117 
0782119    
0782111    
0782120 
