0886895629164  ;000001
0886895629553  ;000001
0886895629560  ;000001
0886895629591  ;000001
0886895630252  ;000001
0886895630696  ;000001
0886895633246  ;000001
0886895640374  ;000001
0886895640381  ;000001
0886895657228  ;000001
0886895657235  ;000001
0886895657242  ;000001
0886895657266  ;000001
0886895657389  ;000001
0886895657426  ;000001
0886895657433  ;000001
0886895657778  ;000001
0886895657785  ;000001
0886895658393  ;000002
0886895658515  ;000001
0886895661386  ;000001
0886895661393  ;000001


0774433
0774524
0774525
0774520  
0774465  
0774458    
0774453    
0774532 
0774533 
0782091   
0782075  
0782076  
0782078   
0782094   
0782104     
0782105   
0776622  
0776623   
0782083  
0782085 
0782080     
0782081
