0886895628525  ;000001
0886895628532  ;000001
0886895628600  ;000001
0886895628648  ;000001
0886895629577  ;000001
0886895629904  ;000001
0886895630269  ;000001
0886895630283  ;000001
0886895657242  ;000001
0886895657402  ;000001
0886895657624  ;000001
0886895657631  ;000001
0886895657648  ;000001
0886895657792  ;000001
0886895657815  ;000001
0886895658331  ;000002
0886895658348  ;000001
0886895661386  ;000001
0886895676175  ;000001
0886895680530  ;000001
0886895680653  ;000001

0774275
0774276
0774476
0774430
0774526
0774521 
0774466 
0774468
0782076
0782096 
0782060  
0782061 
0782062
0776624 
0776626
0782072
0782073
0782080 
0786700
0786688
0786686 

