0886895628365  ;000001
0886895628372  ;000001
0886895628655  ;000001
0886895628679  ;000001
0886895628709  ;000001
0886895628716  ;000001
0886895628730  ;000001
0886895628792  ;000001
0886895629164  ;000001
0886895629171  ;000001
0886895652384  ;000001
0886895653107  ;000001
0886895653114  ;000001
0886895657273  ;000001
0886895657303  ;000002
0886895657334  ;000001
0886895657358  ;000001
0886895657365  ;000001

0774419
0774420
0774431 
0774424
0774427 
0774442 
0774444  
0774446
0774433 
0774434  
0777066
0777068 
0777069 
0782115 
0782118  
0782110
0782112 
0782113 

