0886895628372  ;000001
0886895628396  ;000002
0886895628693  ;000001
0886895628709  ;000001
0886895628723  ;000002
0886895628815  ;000001
0886895658300  ;000001
0886895676144  ;000001
0886895676168  ;000001
0886895676199  ;000001
0886895676212  ;000001
0886895676229  ;000001
0886895676397  ;000002
0886895676403  ;000001
0886895677806  ;000001
0886895680554  ;000001
0886895680639  ;000001

0774420
0774422  
0774426
0774427  
0774443 
0774448  
0782123
0786697
0786699
0786707 
0786709 
0786710
0786595
0786594 
0786538
0786690
0786684
